0.10197067260742188
0.10463953018188477
0.1023106575012207
0.09239435195922852
0.10755801200866699
0.09165501594543457
0.09840583801269531
0.09824800491333008
0.10159873962402344
0.10190105438232422
0.09609651565551758
0.08480358123779297
0.09212088584899902
0.0965113639831543
0.10300517082214355
0.11282539367675781
0.10494661331176758
0.10704183578491211
0.1089017391204834
0.10580015182495117
0.10258841514587402
0.11246442794799805
0.11047482490539551
0.09387493133544922
0.10257387161254883
0.11909890174865723
0.09784317016601562
0.10227203369140625
0.10571455955505371
0.1059272289276123
0.09412598609924316
0.09995651245117188
0.11233997344970703
0.1055293083190918
0.10672211647033691
0.0882256031036377
0.11340975761413574
0.09726095199584961
0.10219311714172363
0.10097074508666992
0.1061544418334961
0.10188913345336914
0.0935516357421875
0.09333300590515137
0.09280681610107422
0.11746668815612793
0.10195684432983398
0.09786725044250488
0.09497380256652832
0.1036684513092041
0.11141109466552734
0.10764694213867188
0.09352326393127441
0.10460042953491211
0.10084915161132812
0.11408400535583496
0.11386752128601074
0.09879755973815918
0.10122966766357422
0.1115269660949707
0.1019906997680664
0.11086559295654297
0.09479761123657227
0.10129308700561523
0.10307145118713379
0.10081863403320312
0.10435152053833008
0.09892034530639648
0.09731531143188477
0.09587311744689941
0.10631942749023438
0.09174489974975586
0.09900045394897461
0.08973240852355957
0.10218954086303711
0.11008238792419434
0.0979313850402832
0.09795069694519043
0.10087752342224121
0.10167098045349121
0.11447286605834961
0.10513520240783691
0.09483957290649414
0.0985255241394043
0.09606814384460449
0.10049748420715332
0.10882782936096191
0.11101675033569336
0.10625529289245605
0.08875823020935059
0.10049629211425781
0.10890316963195801
0.10174369812011719
0.1078636646270752
0.1156320571899414
0.10595941543579102
0.09169173240661621
0.09536361694335938
0.11324095726013184
0.10696816444396973
0.08801984786987305
0.10204434394836426
0.10261964797973633
0.09966611862182617
0.0891561508178711
0.09117460250854492
0.09769082069396973
0.1017606258392334
0.10320806503295898
0.10259437561035156
0.1158912181854248
0.10880494117736816
0.09467744827270508
0.10389971733093262
0.10711979866027832
0.09862470626831055
0.09026694297790527
0.09680962562561035
0.08678889274597168
0.09721183776855469
0.08991408348083496
0.10908937454223633
0.10597801208496094
0.10006570816040039
0.10273218154907227
0.11020302772521973
0.0965118408203125
0.10346198081970215
0.10209250450134277
0.10596966743469238
0.10040664672851562
0.10842728614807129
0.09209680557250977
0.11010074615478516
0.10086464881896973
0.10474848747253418
0.10440468788146973
0.09014701843261719
0.10856938362121582
0.09410238265991211
0.10231256484985352
0.10348868370056152
0.09680008888244629
0.09487366676330566
0.10515928268432617
0.10996413230895996
0.10204005241394043
0.10051798820495605
0.0970296859741211
0.09944701194763184
0.09343528747558594
0.0986628532409668
0.10495615005493164
0.09574460983276367
0.10159134864807129
0.09590291976928711
0.11040854454040527
0.10725235939025879
0.1124875545501709
0.1019747257232666
0.09744024276733398
0.10955691337585449
0.11057519912719727
0.10176253318786621
0.10512495040893555
0.09334969520568848
0.1118466854095459
0.09559106826782227
0.09994196891784668
0.1092228889465332
0.09774923324584961
0.10329222679138184
0.1107032299041748
0.10215926170349121
0.10711026191711426
0.11204266548156738
0.09364104270935059
0.11110734939575195
0.10069441795349121
0.10174274444580078
0.10921502113342285
0.1063539981842041
0.10118293762207031
0.10858988761901855
0.08848118782043457
0.09619140625
0.10557985305786133
0.10960531234741211
0.0972604751586914
0.0970761775970459
0.10907411575317383
0.11776113510131836
0.10197305679321289
0.10400509834289551
0.09665417671203613
0.09805703163146973
0.09919953346252441
0.09836292266845703
0.09641385078430176
0.1102752685546875
0.10663676261901855
0.10384583473205566
0.10317587852478027
0.09683370590209961
0.1077725887298584
0.10960602760314941
0.10521936416625977
0.09970545768737793
0.10022115707397461
0.11371278762817383
0.09812712669372559
0.10111260414123535
0.1100156307220459
0.09096074104309082
0.10820794105529785
0.11350107192993164
0.10817074775695801
0.09926271438598633
0.08335280418395996
0.09683394432067871
0.11176705360412598
0.10498499870300293
0.10209798812866211
0.10645914077758789
0.09477090835571289
0.09910893440246582
0.1001896858215332
0.08974242210388184
0.11059808731079102
0.09233593940734863
0.09910178184509277
0.09747958183288574
0.1025702953338623
0.10441470146179199
0.08962106704711914
0.10372233390808105
0.10364460945129395
0.10547494888305664
0.09943795204162598
0.09530806541442871
0.10771346092224121
0.0970611572265625
0.10736632347106934
0.11065959930419922
0.10338973999023438
0.09275507926940918
0.10766744613647461
0.10744833946228027
0.10512042045593262
0.09454512596130371
0.10436391830444336
0.1045999526977539
0.09900403022766113
0.09336304664611816
0.09663772583007812
0.1052706241607666
0.10156822204589844
0.10014033317565918
0.11136627197265625
0.10617232322692871
0.11153841018676758
0.09549236297607422
0.09719610214233398
0.10840034484863281
0.10153651237487793
0.08790898323059082
0.11713242530822754
0.09747815132141113
0.10184788703918457
0.09837961196899414
0.10904908180236816
0.09896516799926758
0.08716058731079102
0.10315155982971191
0.10985326766967773
0.10774445533752441
0.10475349426269531
0.10326647758483887
0.10377717018127441
0.09235525131225586
0.10286259651184082
0.1048285961151123
0.09777688980102539
0.09491705894470215
0.09820938110351562
0.09499406814575195
0.11027240753173828
0.10851860046386719
0.09630942344665527
0.10592532157897949
0.09868621826171875
0.11142325401306152
0.10103988647460938
0.10730314254760742
0.10062217712402344
0.09406328201293945
0.10145807266235352
0.10356926918029785
0.10043549537658691
0.10436201095581055
0.09524202346801758
0.11415290832519531
0.1044001579284668
0.11220121383666992
0.10217618942260742
0.10337662696838379
0.10757756233215332
0.10504937171936035
0.10993742942810059
0.09551763534545898
0.09816336631774902
0.11343574523925781
0.08736419677734375
0.09618067741394043
0.10211563110351562
0.09614801406860352
0.09944820404052734
0.10203289985656738
0.11478233337402344
0.09683489799499512
0.10658502578735352
0.10180306434631348
0.10670232772827148
0.10132956504821777
0.09722757339477539
0.0963127613067627
0.10319948196411133
0.10587739944458008
0.0931692123413086
0.09708070755004883
0.11450004577636719
0.1024174690246582
0.0970301628112793
0.10412192344665527
0.10704374313354492
0.10981154441833496
0.09648561477661133
0.09836316108703613
0.1093597412109375
0.09194636344909668
0.0959928035736084
0.11122846603393555
0.0953836441040039
0.10230755805969238
0.11041879653930664
0.10242080688476562
0.10323882102966309
0.10131168365478516
0.10697078704833984
0.11384820938110352
0.1091454029083252
0.089569091796875
0.10055994987487793
0.09817123413085938
0.09872841835021973
0.10138344764709473
0.11556673049926758
0.09010982513427734
0.10162210464477539
0.1105351448059082
0.10875344276428223
0.09215259552001953
0.08782362937927246
0.10390591621398926
0.09534621238708496
0.10810732841491699
0.10186171531677246
0.09984612464904785
0.10845541954040527
0.0998234748840332
0.09169816970825195
0.10454010963439941
0.09864115715026855
0.11069297790527344
0.10182499885559082
0.1111905574798584
0.09601902961730957
0.09723567962646484
0.10199832916259766
0.10737252235412598
0.0956411361694336
0.10344743728637695
0.10903263092041016
0.11559152603149414
0.09408140182495117
0.09526658058166504
0.10634016990661621
0.08987808227539062
0.09379935264587402
0.08912229537963867
0.10153532028198242
0.10967540740966797
0.10901522636413574
0.10902953147888184
0.1059873104095459
0.09685993194580078
0.09384369850158691
0.10363388061523438
0.11330199241638184
0.10954141616821289
0.0998849868774414
0.10038876533508301
0.0965433120727539
0.09723353385925293
0.09925341606140137
0.10045289993286133
0.09556198120117188
0.0979926586151123
0.09444880485534668
0.10140371322631836
0.09076786041259766
0.10863161087036133
0.10055327415466309
0.10022902488708496
0.10290980339050293
0.10562515258789062
0.10623598098754883
0.09964489936828613
0.10322284698486328
0.09171748161315918
0.09293603897094727
0.09211874008178711
0.10590982437133789
0.10653376579284668
0.09897303581237793
0.10975456237792969
0.11081361770629883
0.10162568092346191
0.10245132446289062
0.10698652267456055
0.10023951530456543
0.08755970001220703
0.09894704818725586
0.09339690208435059
0.11640572547912598
0.10590505599975586
0.10518789291381836
0.11030936241149902
0.11923384666442871
0.09520339965820312
0.09930896759033203
0.09225797653198242
0.10776710510253906
0.08706164360046387
0.0816185474395752
0.10352945327758789
0.10658788681030273
0.11281299591064453
0.11756134033203125
0.09601426124572754
0.0973048210144043
0.11293435096740723
0.10533714294433594
0.11525392532348633
0.10465502738952637
0.08216595649719238
0.1000826358795166
0.1029362678527832
0.10147333145141602
0.08530473709106445
0.11611819267272949
0.10412120819091797
0.09310054779052734
0.11937904357910156
0.10129380226135254
0.10524129867553711
0.10876131057739258
0.1019906997680664
0.10033512115478516
0.09869694709777832
0.09830164909362793
0.09622073173522949
0.10698437690734863
0.09616732597351074
0.09893131256103516
0.1064903736114502
0.10288333892822266
0.09714794158935547
0.10032033920288086
0.1014564037322998
0.08741569519042969
0.1078343391418457
0.10223531723022461
0.09396553039550781
0.09488058090209961
0.11304759979248047
0.1006326675415039
0.10552620887756348
0.10822248458862305
0.09611392021179199
0.08478450775146484
0.10285043716430664
0.08999300003051758
0.10196781158447266
0.10239934921264648
0.0924072265625
0.11193466186523438
0.11234617233276367
0.11052370071411133
0.1019282341003418
0.09300017356872559
0.11125421524047852
0.09032702445983887
0.08675742149353027
0.11279892921447754
0.10203289985656738
0.10055351257324219
0.10008883476257324
0.09772396087646484
0.1094367504119873
0.1126549243927002
0.08686423301696777
0.0984041690826416
0.11884760856628418
0.1108241081237793
0.09904909133911133
0.08901023864746094
0.10141611099243164
0.10508251190185547
0.0935969352722168
0.09564971923828125
0.09451866149902344
0.1099400520324707
0.09653687477111816
0.10618090629577637
0.11230134963989258
0.11595320701599121
0.09492611885070801
0.09723687171936035
0.0942239761352539
0.11993837356567383
0.09059906005859375
0.0934290885925293
0.1159977912902832
0.1072244644165039
0.09916329383850098
0.10864400863647461
0.09760212898254395
0.09655547142028809
0.09729862213134766
0.10149884223937988
0.11067080497741699
0.09672665596008301
0.09039592742919922
0.10470271110534668
0.11634159088134766
0.10740327835083008
0.11157011985778809
0.10947537422180176
0.08499526977539062
0.0996859073638916
0.11490416526794434
0.0971524715423584
0.10266375541687012
0.0902557373046875
0.09294438362121582
0.0900580883026123
0.10509228706359863
0.0980675220489502
0.09783554077148438
0.08577823638916016
0.10956263542175293
0.1077880859375
0.10265707969665527
0.10323667526245117
0.09530115127563477
0.0984342098236084
0.09022188186645508
0.10474443435668945
0.10190200805664062
0.0892798900604248
0.10188698768615723
0.09808468818664551
0.10531115531921387
0.10338902473449707
0.10877752304077148
0.09611392021179199
0.11022639274597168
0.11153316497802734
0.11114239692687988
0.11134076118469238
0.10387325286865234
0.10543084144592285
0.09039187431335449
0.10761547088623047
0.08753228187561035
0.11027789115905762
0.1057279109954834
0.10685205459594727
0.11081600189208984
0.0850210189819336
0.09977483749389648
0.08859825134277344
0.09969735145568848
0.09858345985412598
0.09766674041748047
0.11816191673278809
0.10101628303527832
0.09534907341003418
0.09801602363586426
0.10201883316040039
0.09840011596679688
0.10878562927246094
0.09691667556762695
0.1102447509765625
0.11204695701599121
0.1092383861541748
0.09446573257446289
0.09839892387390137
0.10490989685058594
0.09418106079101562
0.09725832939147949
0.10825133323669434
0.10889244079589844
0.09985852241516113
0.10139656066894531
0.10989189147949219
0.10037589073181152
0.10544037818908691
0.09944391250610352
0.10245323181152344
0.10005974769592285
0.08147072792053223
0.09360647201538086
0.09513378143310547
0.10665750503540039
0.09430265426635742
0.09387445449829102
0.1148078441619873
0.09645509719848633
0.09739446640014648
0.09440732002258301
0.1063084602355957
0.10071539878845215
0.09679341316223145
0.09675765037536621
0.10024762153625488
0.1042943000793457
0.1049346923828125
0.10847163200378418
0.0979316234588623
0.10068964958190918
0.09284305572509766
0.09869050979614258
0.09099030494689941
0.10709309577941895
0.09065079689025879
0.09624242782592773
0.1076517105102539
0.10417366027832031
0.10229063034057617
0.09047126770019531
0.1023874282836914
0.11531877517700195
0.10882568359375
0.10277795791625977
0.08995628356933594
0.09358930587768555
0.10086965560913086
0.08311104774475098
0.10058283805847168
0.11422872543334961
0.10913896560668945
0.09722161293029785
0.11484789848327637
0.09655380249023438
0.11010408401489258
0.1018671989440918
0.10456013679504395
0.11033964157104492
0.09439802169799805
0.09404253959655762
0.10711097717285156
0.11131143569946289
0.09274148941040039
0.10547041893005371
0.10318470001220703
0.09963464736938477
0.0935816764831543
0.10531377792358398
0.10381484031677246
0.10744261741638184
0.10017085075378418
0.09662055969238281
0.1055147647857666
0.1078343391418457
0.10035276412963867
0.09424781799316406
0.10684823989868164
0.10153603553771973
0.10376930236816406
0.10287833213806152
0.09240412712097168
0.10355329513549805
0.09556984901428223
0.09810400009155273
0.10367274284362793
0.09958410263061523
0.10277318954467773
0.10471892356872559
0.1106424331665039
0.09581255912780762
0.11564826965332031
0.09296393394470215
0.10354948043823242
0.0981144905090332
0.09102797508239746
0.09934878349304199
0.09847283363342285
0.0950620174407959
0.11295270919799805
0.09376335144042969
0.10160565376281738
0.10312724113464355
0.10185074806213379
0.09689617156982422
0.1185760498046875
0.09598183631896973
0.0932455062866211
0.0978691577911377
0.09223461151123047
0.1036231517791748
0.09625840187072754
0.10460638999938965
0.1008443832397461
0.1048121452331543
0.10963940620422363
0.10041046142578125
0.10120320320129395
0.09326577186584473
0.10940170288085938
0.11416339874267578
0.08989262580871582
0.1107480525970459
0.11457610130310059
0.10968422889709473
0.11320161819458008
0.09877371788024902
0.0957636833190918
0.09805989265441895
0.0971975326538086
0.11309933662414551
0.09299945831298828
0.10822582244873047
0.1019437313079834
0.0814199447631836
0.09111881256103516
0.10366344451904297
0.09530329704284668
0.10979032516479492
0.09478569030761719
0.10724735260009766
0.08906054496765137
0.10569071769714355
0.10011696815490723
0.10419583320617676
0.09349489212036133
0.0958864688873291
0.09592676162719727
0.09016823768615723
0.10304737091064453
0.10124039649963379
0.09408330917358398
0.09786748886108398
0.11289501190185547
0.10988879203796387
0.09638547897338867
0.11283040046691895
0.09431719779968262
0.10155200958251953
0.0965735912322998
0.10296368598937988
0.11262941360473633
0.09044313430786133
0.1025855541229248
0.09382271766662598
0.11395382881164551
0.10728907585144043
0.10890650749206543
0.09429383277893066
0.10045480728149414
0.10042381286621094
0.1015172004699707
0.09706473350524902
0.09817194938659668
0.09234261512756348
0.09552621841430664
0.10298466682434082
0.09000015258789062
0.10212373733520508
0.10405731201171875
0.1018836498260498
0.1138162612915039
0.10084891319274902
0.09923434257507324
0.09623169898986816
0.08475303649902344
0.10521650314331055
0.09138822555541992
0.10572457313537598
0.09920549392700195
0.09412240982055664
0.10848236083984375
0.10027241706848145
0.0994720458984375
0.10069632530212402
0.10183262825012207
0.09836602210998535
0.1050119400024414
0.0985872745513916
0.10171365737915039
0.09552001953125
0.09901809692382812
0.09596920013427734
0.09862184524536133
0.10198235511779785
0.10815238952636719
0.08716535568237305
0.09335923194885254
0.11589241027832031
0.09433197975158691
0.10295677185058594
0.09562277793884277
0.09157538414001465
0.10804057121276855
0.10290050506591797
0.11014533042907715
0.10845255851745605
0.1110222339630127
0.10235333442687988
0.0977637767791748
0.10929226875305176
0.11069774627685547
0.10268211364746094
0.10772228240966797
0.11391186714172363
0.09781289100646973
0.09743523597717285
0.11485147476196289
0.09226036071777344
0.10109806060791016
0.11039376258850098
0.10419750213623047
0.09910154342651367
0.09695219993591309
0.09331107139587402
0.10119366645812988
0.09748291969299316
0.10402965545654297
0.09872889518737793
0.0958397388458252
0.10428786277770996
0.11574029922485352
0.09818577766418457
0.09754467010498047
0.1011652946472168
0.10081672668457031
0.09921622276306152
0.11310935020446777
0.09857702255249023
0.0962972640991211
0.10938477516174316
0.09329509735107422
0.09363389015197754
0.1151578426361084
0.10009932518005371
0.08854556083679199
0.09427857398986816
0.10473203659057617
0.12184286117553711
0.09092974662780762
0.10065245628356934
0.10605311393737793
0.12000870704650879
0.10810041427612305
0.11601018905639648
0.10593080520629883
0.0949239730834961
0.10292387008666992
0.0879664421081543
0.10419249534606934
0.0989980697631836
0.1068727970123291
0.09827542304992676
0.10037970542907715
0.09707117080688477
0.10176515579223633
0.10492372512817383
0.1063089370727539
0.09515190124511719
0.11108517646789551
0.10915923118591309
0.11342287063598633
0.10483002662658691
0.10441851615905762
0.10774469375610352
0.09329986572265625
0.11524224281311035
0.09571361541748047
0.09983682632446289
0.09787249565124512
0.0988461971282959
0.10113072395324707
0.1019735336303711
0.11189579963684082
0.10397768020629883
0.10278177261352539
0.09866452217102051
0.09629249572753906
0.10605692863464355
0.10927486419677734
0.1094825267791748
0.10707449913024902
0.09453129768371582
0.10018038749694824
0.10359716415405273
0.09355521202087402
0.10441899299621582
0.09736227989196777
0.09960126876831055
0.10014462471008301
0.10197639465332031
0.11906981468200684
0.10904574394226074
0.09999299049377441
0.10241389274597168
0.10754013061523438
0.09714055061340332
0.10252833366394043
0.11158537864685059
0.08224248886108398
0.09635066986083984
0.10097169876098633
0.09870409965515137
0.10360383987426758
0.10610032081604004
0.0936896800994873
0.11032581329345703
0.0975186824798584
0.10211777687072754
0.10420846939086914
0.09389734268188477
0.10241961479187012
0.11112141609191895
0.0840291976928711
0.11518549919128418
0.09907341003417969
0.11401605606079102
0.10992908477783203
0.09771323204040527
0.10231399536132812
0.09189200401306152
0.09860396385192871
0.1034548282623291
0.09846282005310059
0.10838985443115234
0.0971987247467041
0.0911095142364502
0.10175371170043945
0.09866809844970703
0.10232281684875488
0.10049605369567871
0.11092805862426758
0.09474658966064453
0.09688448905944824
0.1020200252532959
0.10566449165344238
0.10853815078735352
0.10915994644165039
0.1085042953491211
0.10900712013244629
0.10058140754699707
0.10004281997680664
0.1034843921661377
0.10558533668518066
0.09889745712280273
0.10230779647827148
0.11068177223205566
0.09438300132751465
0.10506081581115723
0.10009908676147461
0.08396363258361816
0.09482598304748535
0.10825920104980469
0.08678579330444336
0.11035799980163574
0.09822225570678711
0.09494566917419434
0.09496355056762695
0.11318659782409668
0.09881162643432617
0.10820913314819336
0.10388660430908203
0.09927082061767578
0.0892949104309082
0.10215973854064941
0.10487985610961914
0.09183764457702637
0.09867596626281738
0.10833382606506348
