0.04680180549621582
0.04309439659118652
0.025192975997924805
0.046364784240722656
0.0407719612121582
0.04817605018615723
0.04297614097595215
0.05040264129638672
0.04222822189331055
0.039131879806518555
0.04591250419616699
0.035016775131225586
0.038605451583862305
0.0482792854309082
0.04772043228149414
0.057892560958862305
0.06340241432189941
0.03287959098815918
0.045014142990112305
0.04120492935180664
0.048361778259277344
0.044533491134643555
0.04959845542907715
0.0417332649230957
0.05484461784362793
0.04108166694641113
0.04620361328125
0.039372920989990234
0.04650735855102539
0.03962969779968262
0.050122976303100586
0.04313373565673828
0.05035972595214844
0.035642385482788086
0.05445265769958496
0.049849748611450195
0.05006527900695801
0.040917158126831055
0.049062252044677734
0.054663658142089844
0.049037933349609375
0.047965288162231445
0.031301021575927734
0.039511680603027344
0.05253005027770996
0.04008960723876953
0.042170047760009766
0.04459691047668457
0.04446744918823242
0.03983283042907715
0.05549359321594238
0.048894643783569336
0.03264021873474121
0.02608966827392578
0.0403141975402832
0.03000187873840332
0.03136777877807617
0.040834903717041016
0.03704071044921875
0.05413222312927246
0.0483090877532959
0.04998135566711426
0.03253459930419922
0.04668164253234863
0.042894840240478516
0.05476093292236328
0.035257577896118164
0.04618573188781738
0.04396414756774902
0.048982858657836914
0.04405093193054199
0.04026913642883301
0.0365452766418457
0.03979945182800293
0.03768634796142578
0.039989471435546875
0.04001116752624512
0.04732227325439453
0.0383756160736084
0.04503273963928223
0.045592308044433594
0.033536434173583984
0.038225650787353516
0.054842472076416016
0.0435945987701416
0.03207802772521973
0.04431653022766113
0.04730057716369629
0.041188955307006836
0.04305696487426758
0.03494548797607422
0.06935834884643555
0.030382156372070312
0.04138636589050293
0.053385019302368164
0.0450739860534668
0.03586554527282715
0.048866987228393555
0.038094282150268555
0.04554629325866699
0.038339853286743164
0.04797029495239258
0.02716684341430664
0.03849601745605469
0.03482317924499512
0.045131683349609375
0.05157041549682617
0.03585100173950195
0.045345306396484375
0.03364062309265137
0.05258631706237793
0.03387594223022461
0.04466128349304199
0.049698591232299805
0.055258750915527344
0.021786212921142578
0.06207752227783203
0.048842668533325195
0.03299260139465332
0.04404497146606445
0.044179439544677734
0.038370370864868164
0.025833606719970703
0.04558300971984863
0.04351496696472168
0.039568424224853516
0.04288530349731445
0.032399654388427734
0.0355837345123291
0.04597616195678711
0.045250654220581055
0.03649735450744629
0.0367884635925293
0.03877711296081543
0.04405069351196289
0.04165768623352051
0.04480266571044922
0.04723334312438965
0.043730735778808594
0.03756308555603027
0.04986453056335449
0.038045644760131836
0.028776168823242188
0.05152702331542969
0.04365682601928711
0.040750741958618164
0.033772945404052734
0.0469510555267334
0.03744697570800781
0.030402183532714844
0.04260516166687012
0.051938772201538086
0.032939910888671875
0.04200029373168945
0.03834223747253418
0.034424781799316406
0.03759050369262695
0.04245257377624512
0.04087209701538086
0.03621792793273926
0.042934417724609375
0.03194570541381836
0.04842519760131836
0.03524279594421387
0.04314851760864258
0.044920921325683594
0.04596662521362305
0.04375958442687988
0.045801639556884766
0.036347389221191406
0.04303121566772461
0.03701210021972656
0.05373263359069824
0.05078911781311035
0.044026851654052734
0.033649444580078125
0.04241228103637695
0.04746079444885254
0.03835916519165039
0.04009437561035156
0.029805898666381836
0.04613137245178223
0.04691314697265625
0.038361549377441406
0.045320987701416016
0.04547834396362305
0.03998517990112305
0.030190706253051758
0.036673784255981445
0.03454422950744629
0.05003786087036133
0.03201603889465332
0.04659533500671387
0.044114112854003906
0.0465548038482666
0.043968915939331055
0.029246091842651367
0.04182863235473633
0.037021636962890625
0.047081708908081055
0.036718130111694336
0.031786441802978516
0.04262495040893555
0.037331581115722656
0.032761573791503906
0.044234514236450195
0.043023109436035156
0.040520429611206055
0.04425787925720215
0.04749155044555664
0.04990339279174805
0.038118839263916016
0.03342843055725098
0.03408002853393555
0.02830028533935547
0.046799421310424805
0.025241851806640625
0.02944159507751465
0.050373077392578125
0.038756608963012695
0.03856611251831055
0.04868912696838379
0.04313254356384277
0.05123019218444824
0.03454160690307617
0.03713583946228027
0.03825998306274414
0.034723520278930664
0.045953989028930664
0.04660487174987793
0.036589622497558594
0.03924965858459473
0.044568777084350586
0.056891441345214844
0.04615020751953125
0.0542449951171875
0.039785146713256836
0.038934946060180664
0.030898332595825195
0.052344322204589844
0.031258583068847656
0.042199134826660156
0.04266476631164551
0.05365252494812012
0.04626345634460449
0.0394902229309082
0.03732180595397949
0.041739702224731445
0.04920697212219238
0.04436755180358887
0.0310823917388916
0.0396730899810791
0.04624462127685547
0.03823971748352051
0.0500791072845459
0.05274391174316406
0.029088497161865234
0.03639101982116699
0.05621218681335449
0.038458824157714844
0.04221510887145996
0.036052703857421875
0.028501272201538086
0.054350852966308594
0.0507047176361084
0.040535688400268555
0.04292774200439453
0.04917764663696289
0.04637885093688965
0.030250072479248047
0.04966545104980469
0.0482783317565918
0.04701089859008789
0.02943706512451172
0.04320502281188965
0.04137682914733887
0.04790306091308594
0.04242658615112305
0.036884307861328125
0.03636670112609863
0.036360740661621094
0.04658102989196777
0.04969167709350586
0.03690195083618164
0.042957305908203125
0.027637243270874023
0.043013572692871094
0.029809951782226562
0.041596174240112305
0.039192914962768555
0.042772531509399414
0.03137016296386719
0.04334306716918945
0.035164833068847656
0.03808331489562988
0.04474687576293945
0.029443025588989258
0.042073965072631836
0.04993867874145508
0.04321479797363281
0.03862738609313965
0.0494539737701416
0.03405475616455078
0.032810211181640625
0.03954195976257324
0.04065847396850586
0.03446793556213379
0.046860694885253906
0.04355669021606445
0.06285619735717773
0.03945493698120117
0.053949594497680664
0.051373958587646484
0.038309574127197266
0.04169869422912598
0.04041886329650879
0.039156198501586914
0.04250693321228027
0.044016361236572266
0.042376041412353516
0.04022836685180664
0.03280162811279297
0.041237592697143555
0.046988725662231445
0.036589860916137695
0.029332399368286133
0.043863534927368164
0.03909659385681152
0.038084983825683594
0.044803619384765625
0.04057025909423828
0.04753923416137695
0.03112173080444336
0.04614567756652832
0.03787946701049805
0.04067659378051758
0.0475616455078125
0.04644966125488281
0.03783869743347168
0.035687923431396484
0.042113542556762695
0.041544198989868164
0.052159786224365234
0.04356813430786133
0.037476301193237305
0.04586148262023926
0.03198552131652832
0.03541207313537598
0.04240608215332031
0.0455777645111084
0.03223371505737305
0.03589940071105957
0.04334592819213867
0.03937697410583496
0.04460310935974121
0.03370809555053711
0.036210060119628906
0.039827585220336914
0.03681349754333496
0.03499436378479004
0.03768467903137207
0.033342599868774414
0.04684734344482422
0.04849052429199219
0.042890071868896484
0.030501365661621094
0.04912304878234863
0.0326693058013916
0.035834550857543945
0.03330707550048828
0.05225062370300293
0.024575471878051758
0.04743003845214844
0.041362762451171875
0.04434704780578613
0.037400245666503906
0.03228759765625
0.040468692779541016
0.05054783821105957
0.037641286849975586
0.04522299766540527
0.038388729095458984
0.041811466217041016
0.03555440902709961
0.046764373779296875
0.04353976249694824
0.041660308837890625
0.05468273162841797
0.048685312271118164
0.04752326011657715
0.04501461982727051
0.03563237190246582
0.04343891143798828
0.044673919677734375
0.04377460479736328
0.04385805130004883
0.04428386688232422
0.04183554649353027
0.03188443183898926
0.04395771026611328
0.0451359748840332
0.030184268951416016
0.045842885971069336
0.04102015495300293
0.04189920425415039
0.034529924392700195
0.052703142166137695
0.04103732109069824
0.042327880859375
0.04043126106262207
0.04306936264038086
0.03668618202209473
0.03307700157165527
0.03546142578125
0.040760040283203125
0.04138469696044922
0.02384495735168457
0.042931318283081055
0.053453922271728516
0.0429387092590332
0.04257702827453613
0.05167412757873535
0.045418739318847656
0.05315709114074707
0.03959369659423828
0.04190778732299805
0.031079530715942383
0.04871487617492676
0.05067110061645508
0.03369569778442383
0.05193829536437988
0.04631781578063965
0.04599285125732422
0.042787790298461914
0.03888988494873047
0.05604863166809082
0.029997587203979492
0.04388022422790527
0.04263448715209961
0.048250436782836914
0.025057315826416016
0.03779911994934082
0.04799985885620117
0.054952144622802734
0.04410243034362793
0.04669785499572754
0.03966784477233887
0.04495406150817871
0.04260563850402832
0.03718256950378418
0.047841787338256836
0.030962228775024414
0.042780160903930664
0.0229032039642334
0.033788204193115234
0.04145216941833496
0.03409838676452637
0.04616594314575195
0.035797834396362305
0.033611297607421875
0.04315781593322754
0.0323946475982666
0.04655599594116211
0.04892468452453613
0.03633546829223633
0.0364537239074707
0.03699779510498047
0.03396105766296387
0.03565025329589844
0.053542137145996094
0.03920888900756836
0.04585766792297363
0.042000532150268555
0.03963971138000488
0.03171205520629883
0.05336880683898926
0.04495549201965332
0.03609633445739746
0.04121279716491699
0.03319883346557617
0.030598878860473633
0.04006624221801758
0.048853397369384766
0.035187482833862305
0.043042898178100586
0.048274993896484375
0.047565460205078125
0.03035879135131836
0.03656005859375
0.040312767028808594
0.03856492042541504
0.03780961036682129
0.034592628479003906
0.04888629913330078
0.04091167449951172
0.04978179931640625
0.03680014610290527
0.04286479949951172
0.039255380630493164
0.04698514938354492
0.041342735290527344
0.04357743263244629
0.041130781173706055
0.04053950309753418
0.03802657127380371
0.05341815948486328
0.035520076751708984
0.03155803680419922
0.04968595504760742
0.03630518913269043
0.03804731369018555
0.036679983139038086
0.037131547927856445
0.036791086196899414
0.039864301681518555
0.04496335983276367
0.042150259017944336
0.038503170013427734
0.039623260498046875
0.05158257484436035
0.051012277603149414
0.04699134826660156
0.04149937629699707
0.04945039749145508
0.045034170150756836
0.044301748275756836
0.04321098327636719
0.04454994201660156
0.039525747299194336
0.041841983795166016
0.05200767517089844
0.03590846061706543
0.047020673751831055
0.04546380043029785
0.04359126091003418
0.04626321792602539
0.04210853576660156
0.04793882369995117
0.04466986656188965
0.04293560981750488
0.04161977767944336
0.044554948806762695
0.042825937271118164
0.03571343421936035
0.025538921356201172
0.04298996925354004
0.029936790466308594
0.037665605545043945
0.028430700302124023
0.0402529239654541
0.04619598388671875
0.029880523681640625
0.028009891510009766
0.03046393394470215
0.03664684295654297
0.05598855018615723
0.025197744369506836
0.049009084701538086
0.06284070014953613
0.04472637176513672
0.05093193054199219
0.042485952377319336
0.03633880615234375
0.04279589653015137
0.04158759117126465
0.031256675720214844
0.031580209732055664
0.04732871055603027
0.05371570587158203
0.04635429382324219
0.03913259506225586
0.047583580017089844
0.03080153465270996
0.0345458984375
0.03742671012878418
0.04126095771789551
0.04188370704650879
0.05368399620056152
0.04389309883117676
0.039550065994262695
0.03943324089050293
0.034226417541503906
0.04238319396972656
0.04549098014831543
0.056386470794677734
0.035449981689453125
0.031885623931884766
0.04288077354431152
0.04844093322753906
0.04695010185241699
0.04105234146118164
0.05085015296936035
0.03957200050354004
0.04571390151977539
0.0477137565612793
0.028278350830078125
0.04575395584106445
0.030890226364135742
0.04619789123535156
0.046468496322631836
0.050952911376953125
0.03957200050354004
0.04202842712402344
0.04857945442199707
0.03688669204711914
0.05051565170288086
0.0396885871887207
0.04762125015258789
0.047896385192871094
0.05362677574157715
0.0357205867767334
0.049871206283569336
0.04918265342712402
0.04521012306213379
0.04981660842895508
0.034513235092163086
0.04178047180175781
0.028872966766357422
0.032372474670410156
0.041686058044433594
0.04179883003234863
0.04990220069885254
0.03972959518432617
0.04838418960571289
0.035245418548583984
0.059613943099975586
0.05864906311035156
0.044791460037231445
0.04615616798400879
0.05207204818725586
0.04398369789123535
0.047248125076293945
0.047779083251953125
0.038773536682128906
0.04427504539489746
0.03375530242919922
0.027577877044677734
0.029778480529785156
0.0331425666809082
0.03924083709716797
0.03867793083190918
0.035999298095703125
0.03949117660522461
0.04434370994567871
0.035703182220458984
0.03590965270996094
0.03552365303039551
0.03841757774353027
0.04290652275085449
0.04308652877807617
0.039763689041137695
0.04282379150390625
0.051550865173339844
0.04466962814331055
0.03369259834289551
0.037354469299316406
0.05586838722229004
0.03261399269104004
0.040308475494384766
0.04562664031982422
0.02681756019592285
0.04403233528137207
0.04091048240661621
0.04118990898132324
0.05188417434692383
0.04597640037536621
0.04466843605041504
0.04292654991149902
0.03576397895812988
0.04587745666503906
0.040818214416503906
0.03609585762023926
0.04046821594238281
0.04295015335083008
0.04973626136779785
0.05170464515686035
0.04077625274658203
0.052617788314819336
0.042409658432006836
0.05331063270568848
0.04223442077636719
0.04429912567138672
0.04017281532287598
0.04317045211791992
0.03379988670349121
0.04701352119445801
0.03724074363708496
0.041563987731933594
0.03894519805908203
0.053168296813964844
0.03685760498046875
0.029690980911254883
0.04475092887878418
0.04812359809875488
0.04416942596435547
0.049605607986450195
0.04119992256164551
0.04461312294006348
0.04302477836608887
0.037104129791259766
0.040229082107543945
0.041258811950683594
0.05559134483337402
0.030951976776123047
0.023915529251098633
0.04267597198486328
0.050986528396606445
0.037459373474121094
0.04195857048034668
0.04077863693237305
0.03392648696899414
0.03673529624938965
0.03402304649353027
0.05294489860534668
0.03689169883728027
0.04187965393066406
0.05288362503051758
0.04491138458251953
0.037994384765625
0.042551279067993164
0.04005932807922363
0.035921573638916016
0.04521799087524414
0.03997969627380371
0.04094982147216797
0.04366445541381836
0.04248309135437012
0.044045209884643555
0.04358386993408203
0.03537869453430176
0.03341197967529297
0.032201528549194336
0.045038700103759766
0.05118393898010254
0.05162501335144043
0.04025006294250488
0.03650403022766113
0.0439910888671875
0.04188418388366699
0.03752470016479492
0.03995013236999512
0.04284310340881348
0.03329801559448242
0.030406475067138672
0.03152298927307129
0.04251742362976074
0.037877559661865234
0.04546403884887695
0.043782949447631836
0.04864382743835449
0.029006242752075195
0.04115438461303711
0.03274416923522949
0.039977312088012695
0.04098224639892578
0.03476858139038086
0.05042147636413574
0.02770400047302246
0.030172109603881836
0.03744816780090332
0.04084038734436035
0.04193115234375
0.05205368995666504
0.04755568504333496
0.04153013229370117
0.05051398277282715
0.044573307037353516
0.041918039321899414
0.03762650489807129
0.04732036590576172
0.03477120399475098
0.0415492057800293
0.049217939376831055
0.04961895942687988
0.05021238327026367
0.019846677780151367
0.027765989303588867
0.043837785720825195
0.045217275619506836
0.041907310485839844
0.04958152770996094
0.037333011627197266
0.052407264709472656
0.038100481033325195
0.03194546699523926
0.04496359825134277
0.044350385665893555
0.03020310401916504
0.03938007354736328
0.03933858871459961
0.045917510986328125
0.046535491943359375
0.05024862289428711
0.05038928985595703
0.034201622009277344
0.04061245918273926
0.04181504249572754
0.034673213958740234
0.03991055488586426
0.0526888370513916
0.04605555534362793
0.03936338424682617
0.04236197471618652
0.04153275489807129
0.03998994827270508
0.03395795822143555
0.04793238639831543
0.04490780830383301
0.052361488342285156
0.0464019775390625
0.04004168510437012
0.05001091957092285
0.04784202575683594
0.04633474349975586
0.05177664756774902
0.050002098083496094
0.04157304763793945
0.03363609313964844
0.021461009979248047
0.03664207458496094
0.03673410415649414
0.046179771423339844
0.03945446014404297
0.04194188117980957
0.03862953186035156
0.04027056694030762
0.0414280891418457
0.03554892539978027
0.04434800148010254
0.03565502166748047
0.04772615432739258
0.041143178939819336
0.04225492477416992
0.04344034194946289
0.030528783798217773
0.0434260368347168
0.0329897403717041
0.0443875789642334
0.04298996925354004
0.04561924934387207
0.04642534255981445
0.04688596725463867
0.0333402156829834
0.046370744705200195
0.04726290702819824
0.035843849182128906
0.04284930229187012
0.03804159164428711
0.03902292251586914
0.044461965560913086
0.04604911804199219
0.0439763069152832
0.04084014892578125
0.04058432579040527
0.03974556922912598
0.03846001625061035
0.03986239433288574
0.03014683723449707
0.041225433349609375
0.046050310134887695
0.022820234298706055
0.04596757888793945
0.03704524040222168
0.040528297424316406
0.042687416076660156
0.05002164840698242
0.0321965217590332
0.042514801025390625
0.04530525207519531
0.05204296112060547
0.040613651275634766
0.044129371643066406
0.046448707580566406
0.03847455978393555
0.05556631088256836
0.04083085060119629
0.04440593719482422
0.052644968032836914
0.047393798828125
0.03521275520324707
0.045398712158203125
0.042214393615722656
0.03394198417663574
0.033312082290649414
0.039592742919921875
0.039664268493652344
0.043457746505737305
0.03789544105529785
0.04227924346923828
0.03458094596862793
0.039978981018066406
0.03667140007019043
0.02825307846069336
0.053055763244628906
0.04505014419555664
0.04689788818359375
0.03914594650268555
0.024746417999267578
0.04023289680480957
0.04170632362365723
0.05233407020568848
0.04200005531311035
0.03972315788269043
0.045205116271972656
0.05034065246582031
0.04788398742675781
0.05448508262634277
0.04273414611816406
0.04734349250793457
0.043324947357177734
0.03858518600463867
0.032227277755737305
0.04513359069824219
0.034616947174072266
0.037424564361572266
0.03514456748962402
0.04303455352783203
0.047579050064086914
0.04261302947998047
0.030869483947753906
0.03693699836730957
0.03259420394897461
0.03883695602416992
0.03884768486022949
0.03543353080749512
0.04917716979980469
0.037822723388671875
0.04474282264709473
0.04278111457824707
0.029283523559570312
0.038918256759643555
0.04549121856689453
0.03547978401184082
0.03268098831176758
0.05165576934814453
0.03647923469543457
0.044326066970825195
0.029498815536499023
0.04445600509643555
0.03954792022705078
0.05005645751953125
0.0377504825592041
0.04574155807495117
0.045276641845703125
0.03166055679321289
0.031121253967285156
0.0544590950012207
0.04866528511047363
0.054573774337768555
0.0453951358795166
0.029265880584716797
0.04563140869140625
0.030534029006958008
0.0321042537689209
0.053029537200927734
0.05688786506652832
0.04076695442199707
0.04789471626281738
0.05627322196960449
0.045374155044555664
0.050864458084106445
0.037180185317993164
0.039861202239990234
0.037841081619262695
0.04033374786376953
0.053852081298828125
0.04569196701049805
0.04239177703857422
0.051876068115234375
0.03918743133544922
0.0395512580871582
0.030059337615966797
0.03678703308105469
0.027538776397705078
0.04243278503417969
0.04020071029663086
0.05218815803527832
0.030369043350219727
0.03745460510253906
0.03977537155151367
0.034065961837768555
0.04104495048522949
0.03975558280944824
0.04903364181518555
0.054140567779541016
0.0381622314453125
0.04370260238647461
0.028689146041870117
0.04959917068481445
0.04010009765625
0.0446164608001709
0.04008841514587402
0.05095171928405762
0.047623634338378906
0.043569326400756836
0.044261932373046875
0.034636735916137695
0.04348158836364746
0.0444035530090332
0.04462456703186035
