0.0971364974975586
0.08412694931030273
0.06873917579650879
0.08570408821105957
0.08866024017333984
0.08755254745483398
0.08811116218566895
0.07969975471496582
0.0793766975402832
0.08255410194396973
0.09170699119567871
0.0912175178527832
0.07571244239807129
0.06616520881652832
0.0788583755493164
0.07001829147338867
0.08276796340942383
0.0915369987487793
0.07952618598937988
0.07554793357849121
0.07355880737304688
0.09636974334716797
0.07664728164672852
0.07050776481628418
0.0883641242980957
0.08747434616088867
0.07642841339111328
0.0730743408203125
0.08167052268981934
0.07232856750488281
0.08871603012084961
0.09032607078552246
0.08716249465942383
0.08433413505554199
0.0955355167388916
0.08396220207214355
0.08420848846435547
0.08543515205383301
0.09560704231262207
0.0849003791809082
0.08214092254638672
0.08698248863220215
0.08556342124938965
0.07955050468444824
0.07456612586975098
0.0861668586730957
0.08154940605163574
0.09300112724304199
0.071929931640625
0.06492900848388672
0.0648806095123291
0.07932519912719727
0.07826733589172363
0.09391331672668457
0.07714486122131348
0.07035470008850098
0.07901239395141602
0.0778951644897461
0.09353828430175781
0.08483576774597168
0.07813882827758789
0.09150910377502441
0.08734583854675293
0.07214069366455078
0.08339691162109375
0.08475041389465332
0.07775306701660156
0.07774019241333008
0.08855962753295898
0.08623766899108887
0.0827476978302002
0.07393908500671387
0.08210635185241699
0.0820913314819336
0.08808183670043945
0.07639813423156738
0.07231783866882324
0.0827951431274414
0.07279682159423828
0.0824592113494873
0.0806281566619873
0.0886983871459961
0.07335281372070312
0.08019518852233887
0.09913420677185059
0.09093236923217773
0.062957763671875
0.08796286582946777
0.07103180885314941
0.08224344253540039
0.0836782455444336
0.0875711441040039
0.07589077949523926
0.08281826972961426
0.08190345764160156
0.07581734657287598
0.0804288387298584
0.08054685592651367
0.09248971939086914
0.08133125305175781
0.06912374496459961
0.07382369041442871
0.08092331886291504
0.07642126083374023
0.06840205192565918
0.08363080024719238
0.08079695701599121
0.08788537979125977
0.08603763580322266
0.08332967758178711
0.08230948448181152
0.07927870750427246
0.08434391021728516
0.08668017387390137
0.07581782341003418
0.0835578441619873
0.08321547508239746
0.08784174919128418
0.08211755752563477
0.08534026145935059
0.07978606224060059
0.08574533462524414
0.08281278610229492
0.07828950881958008
0.07794976234436035
0.08205771446228027
0.08887910842895508
0.07604146003723145
0.07307195663452148
0.07839322090148926
0.08240818977355957
0.08612656593322754
0.0877382755279541
0.07383203506469727
0.07555198669433594
0.07839465141296387
0.08448457717895508
0.08704161643981934
0.07807564735412598
0.07842779159545898
0.0821835994720459
0.07935166358947754
0.08092021942138672
0.06399989128112793
0.08789849281311035
0.07548904418945312
0.08534455299377441
0.08017969131469727
0.08828210830688477
0.08125853538513184
0.07744646072387695
0.07121920585632324
0.09223604202270508
0.06696105003356934
0.08771967887878418
0.07648849487304688
0.08622002601623535
0.08215165138244629
0.08655285835266113
0.07136845588684082
0.07623815536499023
0.08902883529663086
0.07541799545288086
0.08327341079711914
0.07689189910888672
0.07177305221557617
0.07941102981567383
0.08028364181518555
0.07418274879455566
0.07446527481079102
0.07520651817321777
0.07588458061218262
0.0794374942779541
0.0793459415435791
0.07764768600463867
0.0860598087310791
0.09275698661804199
0.08156681060791016
0.06887197494506836
0.07817625999450684
0.08083152770996094
0.08340287208557129
0.07701230049133301
0.08500814437866211
0.07548975944519043
0.09309792518615723
0.09126973152160645
0.07151246070861816
0.0816488265991211
0.07980847358703613
0.08222270011901855
0.07478833198547363
0.07922482490539551
0.06647062301635742
0.08622550964355469
0.07548403739929199
0.07235002517700195
0.07457423210144043
0.07744956016540527
0.07445812225341797
0.06966328620910645
0.08325052261352539
0.08936929702758789
0.06950712203979492
0.08258509635925293
0.09027218818664551
0.08330440521240234
0.07148075103759766
0.07448124885559082
0.0929257869720459
0.08221554756164551
0.08270907402038574
0.08946585655212402
0.08070969581604004
0.07858872413635254
0.07658267021179199
0.08344888687133789
0.08296394348144531
0.0805971622467041
0.08275461196899414
0.09146523475646973
0.09025073051452637
0.07563138008117676
0.0737450122833252
0.08547425270080566
0.08587408065795898
0.07541108131408691
0.0807332992553711
0.07409811019897461
0.0779426097869873
0.09552860260009766
0.09101414680480957
0.07741355895996094
0.07574176788330078
0.08008170127868652
0.0693662166595459
0.07694005966186523
0.08155107498168945
0.07312297821044922
0.08739757537841797
0.07484793663024902
0.07957077026367188
0.08859610557556152
0.08701562881469727
0.07241511344909668
0.08269214630126953
0.07719922065734863
0.08478879928588867
0.0797414779663086
0.0917818546295166
0.08185815811157227
0.0679931640625
0.07643961906433105
0.08434176445007324
0.07498002052307129
0.07046818733215332
0.08632802963256836
0.08766436576843262
0.08574867248535156
0.0799558162689209
0.07978558540344238
0.07727813720703125
0.07813239097595215
0.07228374481201172
0.05938386917114258
0.0899820327758789
0.07167220115661621
0.09411287307739258
0.0955953598022461
0.08852219581604004
0.07898974418640137
0.07253479957580566
0.07497596740722656
0.07608795166015625
0.0822000503540039
0.07853055000305176
0.06916475296020508
0.07693147659301758
0.08575844764709473
0.08127355575561523
0.0852048397064209
0.0750129222869873
0.08376264572143555
0.08421564102172852
0.08215141296386719
0.08108949661254883
0.07073974609375
0.08602118492126465
0.08225417137145996
0.08776116371154785
0.08358454704284668
0.09065103530883789
0.0734548568725586
0.0832829475402832
0.0698862075805664
0.09607243537902832
0.0905752182006836
0.07614827156066895
0.08986496925354004
0.08571648597717285
0.06300187110900879
0.08655858039855957
0.07090187072753906
0.08400511741638184
0.07193279266357422
0.05659222602844238
0.08173704147338867
0.08359336853027344
0.07480621337890625
0.06807541847229004
0.07065081596374512
0.07952713966369629
0.08867311477661133
0.05444645881652832
0.06804537773132324
0.07714033126831055
0.09262323379516602
0.07600951194763184
0.0740504264831543
0.09348607063293457
0.08046722412109375
0.06650209426879883
0.09339022636413574
0.07871246337890625
0.07151675224304199
0.07987284660339355
0.07599997520446777
0.08940911293029785
0.08015203475952148
0.07861638069152832
0.07299542427062988
0.07564330101013184
0.08777022361755371
0.07803487777709961
0.08490943908691406
0.09392690658569336
0.08769798278808594
0.07994627952575684
0.087615966796875
0.06986355781555176
0.08003020286560059
0.07097125053405762
0.0655972957611084
0.08530187606811523
0.06876397132873535
0.07660460472106934
0.07133197784423828
0.07981061935424805
0.06874275207519531
0.08690237998962402
0.0932154655456543
0.0802760124206543
0.07105326652526855
0.08269166946411133
0.07602167129516602
0.08765149116516113
0.08548235893249512
0.08644843101501465
0.07603836059570312
0.07704830169677734
0.07114291191101074
0.08521795272827148
0.0781698226928711
0.06807446479797363
0.0805976390838623
0.08534455299377441
0.10213303565979004
0.08423399925231934
0.07904338836669922
0.07442283630371094
0.08641648292541504
0.07376480102539062
0.07550835609436035
0.08259916305541992
0.08590102195739746
0.07605409622192383
0.08795762062072754
0.07926154136657715
0.09323239326477051
0.08716154098510742
0.0822138786315918
0.06867098808288574
0.08823561668395996
0.0808258056640625
0.06993985176086426
0.0846703052520752
0.09157228469848633
0.08776974678039551
0.08750271797180176
0.09675025939941406
0.08453011512756348
0.08252835273742676
0.08817887306213379
0.08421897888183594
0.07835721969604492
0.07309603691101074
0.07981681823730469
0.08610963821411133
0.07713937759399414
0.08640027046203613
0.08150029182434082
0.07664346694946289
0.06496071815490723
0.07668328285217285
0.09045052528381348
0.07767271995544434
0.07471609115600586
0.0715487003326416
0.0838768482208252
0.07384705543518066
0.07360482215881348
0.07135343551635742
0.08376216888427734
0.08351778984069824
0.07209658622741699
0.08318352699279785
0.06915426254272461
0.08154892921447754
0.0830845832824707
0.0857703685760498
0.06641197204589844
0.07777833938598633
0.09145760536193848
0.07435226440429688
0.08735322952270508
0.0761415958404541
0.07602787017822266
0.08432769775390625
0.08209753036499023
0.08254837989807129
0.08178067207336426
0.07434678077697754
0.07731747627258301
0.06646919250488281
0.08450484275817871
0.08097076416015625
0.08583211898803711
0.09132552146911621
0.07229161262512207
0.09590458869934082
0.06584572792053223
0.08342981338500977
0.08505392074584961
0.07117462158203125
0.0844273567199707
0.07889842987060547
0.07949709892272949
0.08064913749694824
0.0849604606628418
0.07344436645507812
0.08449363708496094
0.0664222240447998
0.07403683662414551
0.08865499496459961
0.0819559097290039
0.07702445983886719
0.08127069473266602
0.08303546905517578
0.09364056587219238
0.08464312553405762
0.08139395713806152
0.08191466331481934
0.08595967292785645
0.08717012405395508
0.08375954627990723
0.08268237113952637
0.0909578800201416
0.07931327819824219
0.09250187873840332
0.08150839805603027
0.08231544494628906
0.07894182205200195
0.07835006713867188
0.07960724830627441
0.08040261268615723
0.09274172782897949
0.08725905418395996
0.08804464340209961
0.08278250694274902
0.0753316879272461
0.08724761009216309
0.0824434757232666
0.0760505199432373
0.08597016334533691
0.08400249481201172
0.06340885162353516
0.08947253227233887
0.08654618263244629
0.08265256881713867
0.09265518188476562
0.09279203414916992
0.07782387733459473
0.07613325119018555
0.07576775550842285
0.07789492607116699
0.08129167556762695
0.08094334602355957
0.08293604850769043
0.07636785507202148
0.06372427940368652
0.07521915435791016
0.07314538955688477
0.08568096160888672
0.07872223854064941
0.06804466247558594
0.08038640022277832
0.091522216796875
0.08533310890197754
0.06809353828430176
0.0740654468536377
0.08218240737915039
0.07680296897888184
0.08291840553283691
0.07657337188720703
0.08129048347473145
0.07657957077026367
0.08330512046813965
0.08651399612426758
0.07732725143432617
0.08217525482177734
0.07818222045898438
0.08945178985595703
0.08289909362792969
0.07268762588500977
0.08759617805480957
0.0827484130859375
0.07844424247741699
0.0763709545135498
0.07322168350219727
0.07456278800964355
0.07737445831298828
0.08257794380187988
0.07829117774963379
0.07196235656738281
0.08529400825500488
0.07898950576782227
0.09206128120422363
0.07420825958251953
0.08516860008239746
0.07488489151000977
0.08853340148925781
0.08530473709106445
0.08527016639709473
0.09301328659057617
0.07243919372558594
0.08062362670898438
0.08947634696960449
0.0850987434387207
0.08962202072143555
0.08151555061340332
0.08989429473876953
0.08012914657592773
0.09039855003356934
0.08957505226135254
0.09369635581970215
0.07985401153564453
0.07331633567810059
0.08229565620422363
0.08450531959533691
0.08755826950073242
0.08089113235473633
0.06812214851379395
0.08997583389282227
0.08938717842102051
0.08542943000793457
0.07737874984741211
0.08444690704345703
0.09216499328613281
0.07701230049133301
0.07639932632446289
0.07416677474975586
0.08201932907104492
0.08399796485900879
0.07441020011901855
0.0998985767364502
0.08679986000061035
0.07593870162963867
0.08536958694458008
0.0657203197479248
0.08619475364685059
0.07719945907592773
0.08366084098815918
0.09803557395935059
0.0767369270324707
0.08537721633911133
0.08701801300048828
0.08648872375488281
0.08180379867553711
0.08072876930236816
0.07132911682128906
0.08813738822937012
0.08257412910461426
0.08257699012756348
0.07221126556396484
0.08735132217407227
0.07971382141113281
0.07440948486328125
0.08357524871826172
0.09461331367492676
0.08420348167419434
0.09204959869384766
0.08467531204223633
0.07545757293701172
0.06915497779846191
0.06846833229064941
0.0805978775024414
0.07543540000915527
0.07548069953918457
0.08029747009277344
0.08589887619018555
0.09175562858581543
0.08256936073303223
0.06425213813781738
0.09583377838134766
0.08056855201721191
0.08011436462402344
0.08572816848754883
0.07639169692993164
0.07639312744140625
0.08577203750610352
0.07365107536315918
0.08509349822998047
0.08619570732116699
0.09485602378845215
0.08664917945861816
0.07236051559448242
0.08019280433654785
0.08925533294677734
0.07644438743591309
0.0762631893157959
0.08112096786499023
0.06522321701049805
0.08515763282775879
0.06978797912597656
0.09294557571411133
0.07591748237609863
0.07630801200866699
0.08975720405578613
0.08972883224487305
0.08457040786743164
0.08422422409057617
0.07728266716003418
0.08387160301208496
0.08640718460083008
0.07753896713256836
0.08251094818115234
0.07328176498413086
0.07799267768859863
0.0954282283782959
0.09186911582946777
0.10168933868408203
0.07237768173217773
0.08813691139221191
0.08325695991516113
0.07483768463134766
0.08345627784729004
0.07666873931884766
0.07054424285888672
0.08668184280395508
0.06934523582458496
0.08681964874267578
0.07552623748779297
0.07547664642333984
0.07843828201293945
0.06927275657653809
0.0749056339263916
0.0796804428100586
0.06991910934448242
0.07088899612426758
0.0925149917602539
0.08647656440734863
0.08382344245910645
0.07954812049865723
0.07615017890930176
0.08326578140258789
0.09567737579345703
0.08424687385559082
0.08247017860412598
0.07913494110107422
0.08290529251098633
0.07803988456726074
0.08225274085998535
0.06992363929748535
0.0771942138671875
0.08785247802734375
0.0854959487915039
0.077789306640625
0.07129287719726562
0.07822537422180176
0.0724039077758789
0.07798600196838379
0.08049607276916504
0.08028411865234375
0.06960463523864746
0.08181071281433105
0.07691621780395508
0.08287787437438965
0.09240937232971191
0.07489538192749023
0.08070945739746094
0.08639860153198242
0.08110857009887695
0.08646941184997559
0.08100175857543945
0.07801246643066406
0.09773874282836914
0.08011531829833984
0.09030318260192871
0.09334969520568848
0.0737450122833252
0.08200645446777344
0.0761861801147461
0.08507919311523438
0.0813133716583252
0.08083152770996094
0.07486581802368164
0.08655309677124023
0.08867597579956055
0.08295607566833496
0.08826780319213867
0.08440160751342773
0.08957839012145996
0.07769393920898438
0.08939599990844727
0.08404207229614258
0.0875542163848877
0.07483720779418945
0.07868480682373047
0.0893862247467041
0.0890660285949707
0.08133196830749512
0.08324933052062988
0.08314824104309082
0.09441447257995605
0.07602620124816895
0.06989192962646484
0.09588980674743652
0.08254122734069824
0.07804489135742188
0.07509970664978027
0.0855557918548584
0.09242033958435059
0.07770013809204102
0.08861064910888672
0.06818771362304688
0.08832359313964844
0.0762476921081543
0.07072663307189941
0.09656238555908203
0.07367682456970215
0.08597183227539062
0.06556272506713867
0.07426118850708008
0.08118367195129395
0.0736534595489502
0.08643913269042969
0.08852386474609375
0.0810554027557373
0.07606387138366699
0.08307218551635742
0.0857856273651123
0.07586383819580078
0.09018707275390625
0.07521867752075195
0.07373619079589844
0.08551692962646484
0.07929468154907227
0.08321547508239746
0.06257843971252441
0.0852961540222168
0.07461738586425781
0.08313131332397461
0.07457423210144043
0.08545851707458496
0.07695698738098145
0.07079029083251953
0.09324097633361816
0.08080101013183594
0.09044623374938965
0.07716727256774902
0.0832970142364502
0.08607125282287598
0.06646585464477539
0.07931995391845703
0.0885164737701416
0.0894467830657959
0.08562874794006348
0.07743191719055176
0.0775299072265625
0.08001875877380371
0.08473515510559082
0.07121753692626953
0.08271121978759766
0.09404230117797852
0.08612513542175293
0.08501338958740234
0.08189535140991211
0.06969738006591797
0.07943272590637207
0.07597184181213379
0.09040021896362305
0.07983899116516113
0.07468557357788086
0.07165050506591797
0.07837748527526855
0.08345770835876465
0.07945847511291504
0.06572842597961426
0.09193706512451172
0.07611966133117676
0.07095718383789062
0.0926210880279541
0.07606816291809082
0.08257865905761719
0.0811767578125
0.07719635963439941
0.08682060241699219
0.07264351844787598
0.07448577880859375
0.08852458000183105
0.07056999206542969
0.08291125297546387
0.08278799057006836
0.09276556968688965
0.08619308471679688
0.08872413635253906
0.070831298828125
0.08230400085449219
0.08683943748474121
0.08153653144836426
0.07873821258544922
0.08613014221191406
0.08452606201171875
0.09041547775268555
0.0671529769897461
0.06947445869445801
0.08845710754394531
0.0958566665649414
0.08746528625488281
0.08127760887145996
0.08002185821533203
0.08773207664489746
0.08082056045532227
0.08366656303405762
0.07744336128234863
0.08540916442871094
0.08350443840026855
0.08029937744140625
0.08327293395996094
0.07131505012512207
0.07328414916992188
0.083282470703125
0.0786902904510498
0.08118247985839844
0.08768153190612793
0.08323788642883301
0.0718238353729248
0.07651162147521973
0.08757185935974121
0.07420754432678223
0.09078693389892578
0.08695268630981445
0.07571768760681152
0.07552480697631836
0.08947372436523438
0.08324003219604492
0.08340287208557129
0.08422541618347168
0.08085203170776367
0.08048343658447266
0.07152509689331055
0.07918095588684082
0.08253669738769531
0.06877422332763672
0.07302618026733398
0.08788943290710449
0.06779098510742188
0.08133292198181152
0.08469367027282715
0.07420921325683594
0.06966519355773926
0.08221697807312012
0.08499002456665039
0.08795666694641113
0.06505274772644043
0.07866549491882324
0.06870770454406738
0.07664775848388672
0.07017374038696289
0.08319687843322754
0.08919763565063477
0.06435132026672363
0.07666969299316406
0.07356405258178711
0.09777426719665527
0.07327938079833984
0.08469581604003906
0.09178924560546875
0.08320116996765137
0.08553957939147949
0.08368301391601562
0.07405781745910645
0.09255552291870117
0.08489370346069336
0.06382060050964355
0.09114551544189453
0.07801151275634766
0.08087444305419922
0.07989144325256348
0.08873581886291504
0.07265758514404297
0.08724784851074219
0.08204817771911621
0.09665369987487793
0.07285070419311523
0.08363485336303711
0.07988715171813965
0.08195734024047852
0.07760977745056152
0.06249523162841797
0.08688235282897949
0.08413171768188477
0.09226179122924805
0.0849297046661377
0.07500052452087402
0.07098627090454102
0.07498669624328613
0.08395075798034668
0.0687246322631836
0.0748136043548584
0.07601523399353027
0.07608795166015625
0.08508038520812988
0.08660125732421875
0.07367181777954102
0.08064579963684082
0.07310271263122559
0.08267664909362793
0.09289431571960449
0.08768153190612793
0.08134031295776367
0.0745847225189209
0.07760143280029297
0.07947087287902832
0.08665871620178223
0.08640313148498535
0.08856511116027832
0.0682380199432373
0.08474493026733398
0.08427786827087402
0.07025766372680664
0.0719904899597168
0.08953166007995605
0.0817711353302002
0.07637691497802734
0.08984637260437012
0.08813595771789551
0.08379435539245605
0.0738382339477539
0.08402585983276367
0.08185791969299316
0.0794675350189209
0.07733798027038574
0.08352041244506836
0.07649016380310059
0.08412814140319824
0.08635640144348145
0.08219075202941895
0.07746052742004395
0.07976579666137695
0.08833646774291992
0.08068966865539551
0.08622312545776367
0.08346819877624512
0.09046101570129395
0.09289407730102539
0.07925653457641602
0.08641886711120605
0.08325934410095215
0.08881807327270508
0.0801389217376709
0.08252453804016113
0.07828831672668457
0.0717616081237793
0.07991266250610352
0.0765690803527832
0.08578014373779297
0.08234214782714844
0.06545543670654297
0.08435320854187012
0.06708931922912598
0.07782721519470215
0.08047151565551758
0.08819389343261719
0.08951163291931152
0.06402921676635742
0.06931114196777344
0.09592461585998535
0.08082103729248047
0.08180952072143555
