00 00 00 00 00 00 00 00
00 00 00 00 00 00 00 00
00 00 00 00 00 00 00 00
00 00 00 00 00 00 00 00
00 00 00 00 00 00 00 00
00 00 00 00 00 00 00 00
00 00 00 00 00 00 00 00
00 00 00 00 00 00 00 00
00 00 00 00 00 00 00 00
00 00 00 00 00 00 00 00
00 00 00 00 00 00 00 00
00 1a 40 00 00 00 00 00
cf f9 2e 79 00 00 00 00
8c 19 40 00 00 00 00 00
97 19 40 00 00 00 00 00
ec 19 40 00 00 00 00 00
00 1a 40 00 00 00 00 00
b6 76 c6 b5 00 00 00 00
ab 19 40 00 00 00 00 00
b2 19 40 00 00 00 00 00
6f 16 40 00 00 00 00 00
